0 132.52163688574961 1.2135408500194425 0.08167368810671415 0.0072781986225403 0.002132513523765353 0.0072781986225403 0.08167368810671415 1.2135408500194425 #pioncorrelator
1 137.332173387636 1.1773191500347422 0.10257873187116046 0.011450984361675095 0.003289226921142857 0.011593604550464352 0.100515715503903 1.4338488804205498 #pioncorrelator
2 139.23276496904563 0.6355786234856979 0.05026585731647099 0.005915097627814427 0.002118078456568585 0.008911141086742767 0.1282622714377022 1.4282077247569445 #pioncorrelator
3 139.7325808786633 0.5073925800207625 0.11321614986519546 0.004397967122290374 0.001532567512946438 0.007121897014912674 0.03907957030700434 0.7092797138320212 #pioncorrelator
4 139.9658106804773 0.5654362754703454 0.05821926027534104 0.00866846912167584 0.0013669634108183896 0.005075667391154683 0.060069392272635275 1.0928674350207934 #pioncorrelator
5 140.50447607979788 0.5606119922209256 0.06157208204316521 0.0076255725704842394 0.0013634203499235142 0.009539395504351372 0.09397669517061877 1.0250147296368501 #pioncorrelator
6 141.89151508031873 0.6676789146535538 0.04448130471309524 0.005558247076657519 0.0015827390501788404 0.006796166026348476 0.07490180919170718 0.7524143581196905 #pioncorrelator
7 142.40998331036977 0.7417807453875027 0.05333811814680072 0.008676976364641514 0.002057874940718337 0.006652410277165974 0.12338499130318821 0.37013285597658807 #pioncorrelator
8 140.25361634002692 0.45630813301419776 0.06398092920869759 0.009127744103180112 0.0017125673536278203 0.006571927700721114 0.09230308040376876 0.916226996298455 #pioncorrelator
9 141.4076807873261 0.44130650228703816 0.08361532250253345 0.007104844742588439 0.001738123209516195 0.007277988174644284 0.07369316252049007 0.6584211819410042 #pioncorrelator
10 142.54600023839333 0.847231489227707 0.06075249222594678 0.00560353569681974 0.0012978606342332897 0.006087069506534726 0.07128380472620292 0.7336805028660487 #pioncorrelator
