0 119.5069725402842 7.94612363448551 1.8399614932741826 0.31265180167021156 1.4392466303674287e-22 0.31265180167021156 1.8399614932741826 7.94612363448551 #pioncorrelator
1 124.87038457513833 2.553083184881663 0.6248623117718844 0.24546336202794605 0.161269148375506 0.3294831822960418 0.7976593795443784 2.698336225235936 #pioncorrelator
2 136.4948487985562 1.160117676470577 0.41977723004167566 0.28038509987326543 0.24955243030093713 0.3358241552950033 0.733261519006991 2.1116033708644903 #pioncorrelator
3 140.06836192400198 1.680851369675851 0.9979177930794386 0.5344879916526127 0.4303806639183749 0.4407604454081479 0.762552400237431 2.074614688510652 #pioncorrelator
4 143.51330841897826 2.0425247717800965 0.8495311801329541 0.5607768385484312 0.45742624810128724 0.4744389045507348 0.8362714215329279 2.7117513405343905 #pioncorrelator
5 142.76705531384084 1.457074301512206 0.5760218877800912 0.2953273562213739 0.238706275670273 0.30243939331150604 0.6644864147234376 2.202096034732903 #pioncorrelator
6 143.72260676529672 1.7626423365261394 0.6014361516252809 0.27065152695568595 0.2597611488322058 0.3710721437196015 0.771216041319978 1.9823099451112105 #pioncorrelator
7 141.94537993865998 1.5906218735832085 0.5035074880434155 0.2762650186647139 0.2028591478432074 0.24635833404267019 0.67040324341549 1.1262911196353194 #pioncorrelator
8 143.6026130617498 1.225134165862543 0.46580963851277385 0.25987715488897 0.19188804383285607 0.23764476582363134 0.6142382078770147 2.167848174721732 #pioncorrelator
9 139.23176544933116 0.9374648105846124 0.45155061644991007 0.23025190375803195 0.17534951964257056 0.2217905128064227 0.4795171345628589 1.422322602828707 #pioncorrelator
10 140.12416990468355 1.523641460943296 0.38855847204697413 0.1920356276557372 0.16510400649780796 0.21599460556434943 0.48059503054304226 1.4558658578705388 #pioncorrelator
