0 136.96508619923173 1.4771770991688515 0.18733417646543316 0.06551058754633975 0.03616207715554664 0.01967783116536 0.008652945852001557 0.0021538754228338365 4.840228337342264e-23 0.0021538754228338365 0.008652945852001557 0.01967783116536 0.03616207715554664 0.06551058754633975 0.18733417646543316 1.4771770991688515 #pioncorrelator
1 142.20749013019136 1.4603206819748222 0.29545973295304007 0.08599283457478739 0.03274519075737679 0.013183931449038346 0.0049861124541415 0.0013554536627539673 0.00020091980648014957 0.0009049371858297335 0.004029113195479923 0.011607015802455786 0.030566010382866146 0.07880115228106088 0.2758295792437474 1.8809539328262215 #pioncorrelator
2 142.50502530400286 1.330925122879897 0.23101119870766296 0.044336802287405094 0.012006887827728616 0.0037261650140312835 0.0010654702808264062 0.0002677582540534036 6.33080334509931e-5 0.00022302000290207535 0.0009683909956308209 0.003271736956424428 0.011850882489714248 0.03885867281577235 0.2000968209177243 1.455504867490032 #pioncorrelator
3 145.34066266120792 1.5375167251101514 0.18482843861335205 0.02745553573464122 0.005025160466401988 0.0012612137704562923 0.00031692789745092195 6.19425545107366e-5 1.8924688920769814e-5 9.086503255354367e-5 0.00038250608524951406 0.001317941167594624 0.0057665678715292795 0.02437470170538294 0.17783817245257671 1.615703508579852 #pioncorrelator
4 141.8466493548957 1.0951406476289505 0.15083056474742834 0.021837275107281076 0.004727602408574537 0.0008830607882500657 0.00018733945248194302 3.9559166739597104e-5 1.2401262558724447e-5 4.5012944125792955e-5 0.00020893061254241837 0.0008744357100278769 0.004145756360902596 0.017224156749695657 0.12452830240790133 0.8954060507252136 #pioncorrelator
5 142.71627362657253 0.6926534933713537 0.0898629081097275 0.01646171360819224 0.002549467686857582 0.0005593851354902924 0.0001300276427229073 2.9717514880364283e-5 9.130690199037293e-6 2.217252416108574e-5 0.00010349621002980266 0.0005041785320128581 0.0024571230298199498 0.01590190855788586 0.1605747183091125 1.112490058073866 #pioncorrelator
6 143.33853537296915 1.0891836563052335 0.0928007053254281 0.011679606308312043 0.0021920725631559648 0.0003482360157649644 7.116069921738765e-5 1.5307736981939472e-5 5.706498448736153e-6 1.812180012052159e-5 8.699469386206659e-5 0.00043177573844866183 0.0024475539727156475 0.01325993324010442 0.13315592039763222 0.9043276226295964 #pioncorrelator
7 141.4258618391835 0.577117036033916 0.0933998893108583 0.013982964667013978 0.002005413104518319 0.0003655006824427906 6.992690350630555e-5 1.343685589213241e-5 4.269045154810195e-6 1.6204548335525026e-5 8.740997306962552e-5 0.00042484701900114257 0.002647979016606291 0.01627761483369447 0.10110206138121448 0.6008786908745255 #pioncorrelator
8 143.17152948684867 0.8344763183173588 0.09775237852444076 0.017920341057290182 0.00268042904556244 0.0004732508715473037 9.17844468824462e-5 1.6927288712939317e-5 4.545169948244718e-6 1.2266806244897471e-5 7.451354963289967e-5 0.0004130111414107664 0.0022505481645462865 0.011900369757880981 0.0756085722727836 0.7022285679510474 #pioncorrelator
9 141.35797053813744 0.7460583011515414 0.08076363393880817 0.014078042158700278 0.002223511990000243 0.0004473396833768671 8.881619756287493e-5 1.6146218963194192e-5 4.949265794878906e-6 1.4251432653859994e-5 7.600046621575123e-5 0.00043744736780861114 0.0025160265804826483 0.014048589284309479 0.10078477651464074 0.5504555917832264 #pioncorrelator
10 141.82845340686146 1.0424952510475418 0.10206819052732582 0.012233381920944095 0.002142323687373082 0.00036994976718326603 6.85155469875351e-5 1.1870601326610321e-5 3.5787891346961943e-6 1.2377675170678731e-5 7.449451233224384e-5 0.0004348990161255622 0.0023151996457184973 0.012937266173394921 0.10839679014099439 0.8794217392376601 #pioncorrelator
11 142.79003940382904 0.8174253991799032 0.16371929425315504 0.013432577854268107 0.0019511981459216193 0.0002724979338847796 5.460502581469081e-5 9.160598071997499e-6 2.848691814799442e-6 8.104471481395205e-6 4.648176618614938e-5 0.00022768233655965048 0.001789106370240148 0.009566101310686644 0.09188107707551858 1.6971729373913869 #pioncorrelator
12 142.79003940382904 0.8174253991799032 0.16371929425315504 0.013432577854268107 0.0019511981459216193 0.0002724979338847796 5.460502581469081e-5 9.160598071997499e-6 2.848691814799442e-6 8.104471481395205e-6 4.648176618614938e-5 0.00022768233655965048 0.001789106370240148 0.009566101310686644 0.09188107707551858 1.6971729373913869 #pioncorrelator
13 144.09129321686902 1.1484196833326337 0.10703567616706636 0.014126881647752384 0.001970741358510482 0.00032078073413815093 5.139265754727662e-5 8.3917507867487e-6 2.69801846211716e-6 1.0277309709125265e-5 5.673978196744638e-5 0.0003106128931471969 0.0019309467084492975 0.012197901285154682 0.06472551576696517 0.5677674737293149 #pioncorrelator
14 143.89902086114458 0.8254602301617046 0.146177458885362 0.012191944829020621 0.0023055487490032758 0.0002852989483856926 3.991293958105475e-5 6.807238135448274e-6 2.6175269784739426e-6 9.355371920751223e-6 5.077251113008867e-5 0.00030371724737931533 0.0018173087358470275 0.010676774225924415 0.10005501705995246 1.3618117123857134 #pioncorrelator
15 144.79788705629693 1.0749174729396065 0.08593679908032928 0.011796705534824372 0.0015169434384713892 0.0002311461594915937 3.230017920672719e-5 4.449665736754327e-6 1.2920591135671225e-6 5.263931100322983e-6 3.393756860835956e-5 0.00021998725108780088 0.0012920266494890642 0.008775570772095646 0.06752256025778633 1.3964327546705013 #pioncorrelator
16 144.79788705629693 1.0749174729396065 0.08593679908032928 0.011796705534824372 0.0015169434384713892 0.0002311461594915937 3.230017920672719e-5 4.449665736754327e-6 1.2920591135671225e-6 5.263931100322983e-6 3.393756860835956e-5 0.00021998725108780088 0.0012920266494890642 0.008775570772095646 0.06752256025778633 1.3964327546705013 #pioncorrelator
17 144.79788705629693 1.0749174729396065 0.08593679908032928 0.011796705534824372 0.0015169434384713892 0.0002311461594915937 3.230017920672719e-5 4.449665736754327e-6 1.2920591135671225e-6 5.263931100322983e-6 3.393756860835956e-5 0.00021998725108780088 0.0012920266494890642 0.008775570772095646 0.06752256025778633 1.3964327546705013 #pioncorrelator
18 144.2206142205864 0.8500612812934984 0.08783248801223588 0.014496746930137163 0.002131677247493429 0.0003139111812733854 4.973517980052022e-5 8.417860386130667e-6 2.347516847456109e-6 6.253952489966984e-6 3.547235457358498e-5 0.0002495607151231706 0.001548572479939034 0.009353607590655991 0.09377230894446782 1.3740679324042575 #pioncorrelator
19 144.2206142205864 0.8500612812934984 0.08783248801223588 0.014496746930137163 0.002131677247493429 0.0003139111812733854 4.973517980052022e-5 8.417860386130667e-6 2.347516847456109e-6 6.253952489966984e-6 3.547235457358498e-5 0.0002495607151231706 0.001548572479939034 0.009353607590655991 0.09377230894446782 1.3740679324042575 #pioncorrelator
20 144.2206142205864 0.8500612812934984 0.08783248801223588 0.014496746930137163 0.002131677247493429 0.0003139111812733854 4.973517980052022e-5 8.417860386130667e-6 2.347516847456109e-6 6.253952489966984e-6 3.547235457358498e-5 0.0002495607151231706 0.001548572479939034 0.009353607590655991 0.09377230894446782 1.3740679324042575 #pioncorrelator
