0 141.612111127949 1.9364989600693685 0.41985588104507726 0.19728010453434014 0.10852501087914392 0.05583532019061812 0.023397664826990898 0.005650996752433071 3.219528805740328e-23 0.005650996752433071 0.023397664826990898 0.05583532019061812 0.10852501087914392 0.19728010453434014 0.41985588104507726 1.9364989600693685 #pioncorrelator
1 143.91564539151932 1.4014015040951264 0.22738839495516414 0.048819414014225564 0.013976796060863057 0.004474269877798331 0.0014106030664177674 0.00032637336742933774 3.409040117682431e-5 0.0002417377009756692 0.001219286841418113 0.004116499384083854 0.013467185965600812 0.04461011718231939 0.21305742750842413 1.8078819316771086 #pioncorrelator
2 143.7557721810433 1.2512037008872963 0.18554923677386312 0.02730244684319982 0.005698718508896514 0.0014168932464565388 0.00033112625927337984 7.028905320405621e-5 1.3794506216926679e-5 6.149596570486775e-5 0.00031401508918553695 0.0012768009955223614 0.005915639746375655 0.024460008088497444 0.16242312621834495 1.385740873122527 #pioncorrelator
3 146.1522548073538 1.447979783534483 0.1511137259020142 0.017924803942060554 0.0025028645994634767 0.0005043847836393054 0.00010452608447580914 1.7006479380844627e-5 4.5481415310423945e-6 2.5936120577815016e-5 0.0001255555169766647 0.0005342270904910128 0.0029800498909810964 0.015761425501233828 0.14572391538587307 1.5209712435383531 #pioncorrelator
4 142.82927817111883 1.018127733100181 0.1226567959127094 0.014506616811734083 0.0026051588609545054 0.0003841342618596488 6.575459806158995e-5 1.154301453074178e-5 3.1129041518361437e-6 1.343634039704539e-5 7.535388640433191e-5 0.0003880457977059595 0.002295933215880738 0.011373608196496254 0.10110104406014438 0.8356688563702132 #pioncorrelator
5 143.50844483408375 0.6376097819762298 0.07074047222091322 0.011222207489162727 0.0013753914560703949 0.0002490514841694748 4.831161843492222e-5 9.054478482875051e-6 2.361339218626305e-6 6.8818020510278105e-6 3.922874856046638e-5 0.0002310041782930073 0.001354785514196885 0.010810434938828157 0.13289209176371053 1.0315798401200258 #pioncorrelator
6 144.08607781882748 1.0115530310823688 0.07384932234179654 0.007862011265031398 0.0012759288022677557 0.00015978567801963335 2.6461237294185823e-5 4.773281226360711e-6 1.4990843665816065e-6 5.748691282388617e-6 3.314634951967775e-5 0.00020413971389978737 0.0014038522751347266 0.008929883019355983 0.10950616347846089 0.8368024417374968 #pioncorrelator
7 142.30304623994445 0.5259037755189406 0.07394582935751895 0.009552381737518899 0.0011054610407613746 0.00016853080324988524 2.6228620018494188e-5 4.243748144073812e-6 1.184499948871776e-6 5.387586514937436e-6 3.378925306197246e-5 0.0001975170770667627 0.0015349473520859546 0.011313787265029403 0.08193223818705543 0.5465067415131054 #pioncorrelator
8 143.86043940550448 0.7673261252475131 0.07805916015714916 0.01260318933218392 0.0015469632885324342 0.00022573785768476812 3.614127529667803e-5 5.539173220682344e-6 1.2875574203281104e-6 4.180960234682703e-6 3.083524245970615e-5 0.00020269536784405618 0.0013161187044109872 0.008010976010569095 0.05900314327485065 0.6451159637907339 #pioncorrelator
9 142.25076968391886 0.6878427660909824 0.06324386221509042 0.009619445325263761 0.0012623528646064019 0.00021766759043953461 3.5950941985893124e-5 5.300052196722242e-6 1.4116685520813023e-6 4.853577621447334e-6 3.0569363674965696e-5 0.00021731290140267177 0.001496125280841766 0.009590615545156876 0.08155145107092081 0.49992849101411135 #pioncorrelator
10 142.64805004296014 0.9635570534841424 0.08316590002210109 0.00832597197224483 0.0012474662589238472 0.0001772047703634617 2.7282212231831424e-5 3.886302038074048e-6 1.038191020778154e-6 4.390566761977195e-6 3.115076632391588e-5 0.00022271518804416153 0.0013760387540946442 0.008908007654621776 0.0883563642134138 0.8167228305246267 #pioncorrelator
11 143.46726931066226 0.7490844648333844 0.13501724939498755 0.009317808312312338 0.0011309422840182256 0.00012909707266625542 2.1949990493127245e-5 3.0824156121742815e-6 8.3291969878479e-7 2.7774117979662285e-6 1.9497458433433887e-5 0.00011045815448340229 0.0010941609801109807 0.0065262886577183935 0.07333926986314296 1.584252460005602 #pioncorrelator
12 143.46726931066226 0.7490844648333844 0.13501724939498755 0.009317808312312338 0.0011309422840182256 0.00012909707266625542 2.1949990493127245e-5 3.0824156121742815e-6 8.3291969878479e-7 2.7774117979662285e-6 1.9497458433433887e-5 0.00011045815448340229 0.0010941609801109807 0.0065262886577183935 0.07333926986314296 1.584252460005602 #pioncorrelator
13 144.73502113371674 1.0675535612421367 0.08629798799639553 0.009939893005455523 0.0011666259266400253 0.00016179399950418152 2.192264479341371e-5 3.069452519241686e-6 8.158933612863064e-7 3.711759024497595e-6 2.4408183640301053e-5 0.00015691989364855798 0.001176418672161814 0.008577085515667007 0.05081065769254967 0.516332132230476 #pioncorrelator
14 144.6376023695873 0.7629103241942848 0.12138666383726401 0.008551437233101299 0.0014276013126598595 0.00014732321403376975 1.7348186743944104e-5 2.4554001224236656e-6 7.968776682946521e-7 3.325832084491829e-6 2.1779789405449428e-5 0.0001567926599826301 0.0010979094360259374 0.007311999562558001 0.08050965851710222 1.2639388659953825 #pioncorrelator
15 145.21150248755606 0.9880128817302342 0.06888445398916355 0.008302251967996093 0.0008953946730288862 0.00012263055249478265 1.4167029830330046e-5 1.6158212103638088e-6 4.022214253691524e-7 1.90998273541655e-6 1.5068169767138344e-5 0.00011445910679249284 0.0007888580354598926 0.006036779350840207 0.0531052323021603 1.2781714618642923 #pioncorrelator
16 145.21150248755606 0.9880128817302342 0.06888445398916355 0.008302251967996093 0.0008953946730288862 0.00012263055249478265 1.4167029830330046e-5 1.6158212103638088e-6 4.022214253691524e-7 1.90998273541655e-6 1.5068169767138344e-5 0.00011445910679249284 0.0007888580354598926 0.006036779350840207 0.0531052323021603 1.2781714618642923 #pioncorrelator
17 145.21150248755606 0.9880128817302342 0.06888445398916355 0.008302251967996093 0.0008953946730288862 0.00012263055249478265 1.4167029830330046e-5 1.6158212103638088e-6 4.022214253691524e-7 1.90998273541655e-6 1.5068169767138344e-5 0.00011445910679249284 0.0007888580354598926 0.006036779350840207 0.0531052323021603 1.2781714618642923 #pioncorrelator
18 144.68033857017485 0.7812864938057766 0.06968117823386095 0.010125918155826821 0.0012655291534504167 0.00016109264031568906 2.1817846822121954e-5 3.101370742630422e-6 7.412513874647833e-7 2.305912064228719e-6 1.5538432202004704e-5 0.00013434135574980766 0.0009520629779891155 0.006389101465432327 0.07528145714253608 1.2686541735916537 #pioncorrelator
19 144.68033857017485 0.7812864938057766 0.06968117823386095 0.010125918155826821 0.0012655291534504167 0.00016109264031568906 2.1817846822121954e-5 3.101370742630422e-6 7.412513874647833e-7 2.305912064228719e-6 1.5538432202004704e-5 0.00013434135574980766 0.0009520629779891155 0.006389101465432327 0.07528145714253608 1.2686541735916537 #pioncorrelator
20 144.68033857017485 0.7812864938057766 0.06968117823386095 0.010125918155826821 0.0012655291534504167 0.00016109264031568906 2.1817846822121954e-5 3.101370742630422e-6 7.412513874647833e-7 2.305912064228719e-6 1.5538432202004704e-5 0.00013434135574980766 0.0009520629779891155 0.006389101465432327 0.07528145714253608 1.2686541735916537 #pioncorrelator
