0 138.91100973070525 1.7006636266439414 0.3226318084287766 0.1525792867534378 0.08920896477327574 0.04849119157689312 0.021154114030929795 0.00523492656656949 6.201198229225023e-25 0.00523492656656949 0.021154114030929795 0.04849119157689312 0.08920896477327574 0.1525792867534378 0.3226318084287766 1.7006636266439414 #pioncorrelator
1 145.71148835630288 1.7767732739232502 0.22780739269092037 0.04310135660047158 0.012673595458881897 0.0038210394742936742 0.00115261657511926 0.00023926985282851052 3.100076784324877e-5 0.0002344265127145774 0.0010677300483998042 0.0036851449224224 0.012178229167913987 0.04273417807368318 0.17248100923371187 1.2759643307122992 #pioncorrelator
2 145.81232090925496 0.828222461875908 0.14658275577694663 0.02099046022506596 0.004492262954656775 0.0009213930428795771 0.00022051269828992287 3.834481825238277e-5 6.683233501965571e-6 4.5629005147136406e-5 0.0002413789645582769 0.0010212873568682084 0.004724682250012578 0.025966497477128977 0.15781378511493047 1.1535996624243077 #pioncorrelator
3 145.82144444057943 0.9482841270850549 0.12395492012346983 0.01805892306358346 0.0028653351623078934 0.0004947022464527491 9.611738032751529e-5 1.775635922785024e-5 4.049951239034502e-6 1.9596868387886566e-5 0.00011547810000335157 0.0005783383105011285 0.002855973235559622 0.0166047251492916 0.11908322027601782 1.2311363811521385 #pioncorrelator
4 143.94123629840945 0.880231854454729 0.13341424141681055 0.015591754208085534 0.002320550864431682 0.00041402170920013014 6.803816157888658e-5 1.2337660028572447e-5 2.393539269031407e-6 1.025295308483902e-5 6.306088061374967e-5 0.0003571927781194853 0.002212465839975197 0.010543253049124008 0.06105549045594387 1.0777382573075576 #pioncorrelator
5 141.68587082395155 0.7940828654940394 0.12403358426252732 0.014972204648211715 0.0019852807424242257 0.00032323487350942955 5.839699664978238e-5 1.1344946847165919e-5 2.362739007864496e-6 9.569664654473851e-6 5.7562938487361834e-5 0.0003778372314877801 0.0026034627299466716 0.013653526131521154 0.08943459933336322 0.5600784027807247 #pioncorrelator
6 143.3850397806364 0.746186053348199 0.11542250363579018 0.008416652618921 0.0015962259124549891 0.0002881792849370735 4.1305233205951015e-5 7.788275171737544e-6 1.7255761877324052e-6 6.712822023215138e-6 4.3243428446582146e-5 0.0002481742914891449 0.0017096697298478508 0.014082602880970747 0.09705806934796234 0.7846564270576206 #pioncorrelator
7 143.82149408568256 0.7946255625132099 0.07235331931104289 0.011663391062559566 0.0017593062198456649 0.00024801820638635123 4.456222356533713e-5 7.5457146807962215e-6 1.6314260186594993e-6 5.864121714535325e-6 3.7886857254466275e-5 0.0002745101519118467 0.0014872932151883268 0.015697893392497112 0.07026451490299757 1.2182032804388954 #pioncorrelator
8 142.28215803569677 0.5947107195910277 0.07268426393704773 0.009612991936785678 0.001375809699108072 0.0002321573972216567 3.985201348532905e-5 6.7170590543684385e-6 1.969870538835222e-6 7.847297398564201e-6 4.996848482640448e-5 0.0003106852351747238 0.0025659647372386564 0.014646192996138356 0.1751434077592855 0.7230803096487687 #pioncorrelator
9 142.22777741143665 0.5496201355956196 0.0835889103689442 0.014444395070557918 0.001854373083192871 0.0003090296547010936 4.530410518722723e-5 7.735731558358602e-6 2.2501055960485217e-6 7.738937601943113e-6 4.332912203251298e-5 0.00025585765719662244 0.0018937670930365411 0.011662753364789998 0.12254231467029156 0.5617739965085327 #pioncorrelator
10 143.35185189454464 0.6652816737791265 0.08868294308870257 0.016161993878219656 0.002539740585707175 0.00030090877621223995 5.1116280031493785e-5 7.809581993020323e-6 1.93178458399781e-6 5.471383037364142e-6 4.070942861133013e-5 0.00023283983350202715 0.0012836837072109203 0.011970153714850268 0.10083760610303041 0.4411379993260645 #pioncorrelator
