0 138.91100973070525 1.7006636266439414 0.3226318084287766 0.1525792867534378 0.08920896477327574 0.04849119157689312 0.021154114030929795 0.00523492656656949 6.201198229225023e-25 0.00523492656656949 0.021154114030929795 0.04849119157689312 0.08920896477327574 0.1525792867534378 0.3226318084287766 1.7006636266439414 #pioncorrelator
1 142.84625105973214 1.4413483639540845 0.26940441111533037 0.07052345726421604 0.024424992612734946 0.009123716044916503 0.003249835707814744 0.000834276791226847 0.00010828779142797737 0.0005782095047967683 0.002691464976934873 0.008159379983603578 0.023045672527419035 0.0645649294570303 0.25179254227715003 1.8576149204434445 #pioncorrelator
2 142.97184506622844 1.304411592000722 0.21416987502759882 0.03740784820027482 0.00925780494043528 0.0026649828340206197 0.0007125513318631468 0.00016907297290003005 3.735149909183424e-5 0.0001431949187370371 0.0006569289154308611 0.002359993580183749 0.009295000139977848 0.033029338558794495 0.18616197235784787 1.4328112561801447 #pioncorrelator
3 145.648928266901 1.507642654625907 0.17251278304850143 0.023654893698324027 0.0039393366765289265 0.0009169338284038657 0.00021586249699660713 3.9621522479373547e-5 1.1512536482384093e-5 5.892624222972804e-5 0.00026028482468830165 0.0009624715276358428 0.0045789242655712515 0.02093431342583056 0.16608729481044873 1.584149492913052 #pioncorrelator
4 142.21026577850606 1.0690584514315837 0.14057725659475004 0.01895444567521919 0.003840909014357826 0.0006609750647414227 0.00013037718762793545 2.584633091730349e-5 7.68487265889139e-6 2.965082641463571e-5 0.00014670041807136918 0.0006594071132464724 0.003375831698101403 0.014920674464274933 0.1159588046211502 0.8752270637149252 #pioncorrelator
5 143.0100535874002 0.6739381063408603 0.08280667463178586 0.014415952673487796 0.002058048828747306 0.0004223990524360535 9.221516260098377e-5 1.969437502261082e-5 5.723197597989637e-6 1.4791835871025034e-5 7.394880648206035e-5 0.00038469825846548046 0.001999608677072239 0.013922316493233618 0.15055944006839914 1.0846984985828356 #pioncorrelator
6 143.61710680040892 1.0627229903530877 0.08584587699928448 0.010189076671385201 0.0018157166692758407 0.0002656876921959745 5.0491732391173656e-5 1.0217154753731852e-5 3.5912801892592906e-6 1.2172362213234844e-5 6.226762300910113e-5 0.0003328156272635992 0.0020194022277243077 0.011573127148362288 0.1245776280073312 0.881298154684297 #pioncorrelator
7 141.74886712957857 0.5593238604073594 0.08624211938297022 0.01226040129699973 0.0016320561583636707 0.0002793847973693939 4.981928243191635e-5 9.024982186941273e-6 2.7407444831400446e-6 1.1075138492039017e-5 6.295443669067953e-5 0.0003260211989800101 0.002193203082212591 0.014361817860568395 0.09410587376362653 0.5820435281476252 #pioncorrelator
8 143.4274960109608 0.8112843617384302 0.09052786604870693 0.015871409172751785 0.002215457393512539 0.0003661269064158013 6.645536541636657e-5 1.1498237283278943e-5 2.9373087911815603e-6 8.444522114032404e-6 5.486451201187626e-5 0.00032290199268148937 0.0018697279829453467 0.010389494718486771 0.06947769948084405 0.6825980257761369 #pioncorrelator
9 141.68594773848918 0.7260288696677172 0.07430848651276262 0.012349416446223078 0.0018290195449312114 0.0003486047028340047 6.492620058404339e-5 1.098511790900061e-5 3.206839887262748e-6 9.822616735926516e-6 5.551564336677458e-5 0.0003437340621770682 0.002103707762320707 0.01232897076928868 0.09376763133757916 0.5328825364877697 #pioncorrelator
10 142.13014622345474 1.0154143094934385 0.09517914567124569 0.010716247350748645 0.0017768366961272914 0.0002869082273299559 4.982043042595442e-5 8.067843580873256e-6 2.331878367477625e-6 8.650061078081417e-6 5.51245173052421e-5 0.00034515407500032254 0.001935792892847727 0.011386950436744094 0.10111410756031103 0.857941916217609 #pioncorrelator
11 143.0405515596819 0.7938215894047573 0.1533386164221315 0.01184429669923138 0.0016164460007065554 0.00021046610787366811 3.9838033850003265e-5 6.282775816313992e-6 1.8634193931394445e-6 5.600591405573782e-6 3.442252121433243e-5 0.00017742034994721792 0.0015102252493452604 0.008391344522617448 0.08508737919643572 1.6586327089573212 #pioncorrelator
12 143.0405515596819 0.7938215894047573 0.1533386164221315 0.01184429669923138 0.0016164460007065554 0.00021046610787366811 3.9838033850003265e-5 6.282775816313992e-6 1.8634193931394445e-6 5.600591405573782e-6 3.442252121433243e-5 0.00017742034994721792 0.0015102252493452604 0.008391344522617448 0.08508737919643572 1.6586327089573212 #pioncorrelator
13 144.33207201347582 1.1208277959482262 0.09948950797999807 0.012525056999325669 0.0016458029925180825 0.0002534174630366111 3.8303948363848914e-5 5.924631893882572e-6 1.7863995093219898e-6 7.234238095434967e-6 4.2395333128457345e-5 0.0002455141664769156 0.0016283793561859578 0.010810072143666312 0.05958994432695665 0.5498746567893043 #pioncorrelator
14 144.17414729501328 0.8041398161254765 0.1372652583708508 0.010797177253393731 0.0019557760739311015 0.0002272363374613436 2.9932064188801966e-5 4.782290308271413e-6 1.7363064191515606e-6 6.549153255305629e-6 3.791314480242768e-5 0.00024181913491839717 0.0015286623818710396 0.009380082186593591 0.09293468412087458 1.3283930203120262 #pioncorrelator
15 144.95346407579703 1.0448476714632566 0.0796955168425281 0.010458100590985772 0.001266085570590967 0.0001856668165181722 2.429659913171366e-5 3.133443990809816e-6 8.625412113683357e-7 3.7083513750295753e-6 2.5620909334719525e-5 0.00017565018952595465 0.0010904544934137558 0.007720429993836053 0.06221086735729497 1.3552677689242876 #pioncorrelator
16 144.95346407579703 1.0448476714632566 0.0796955168425281 0.010458100590985772 0.001266085570590967 0.0001856668165181722 2.429659913171366e-5 3.133443990809816e-6 8.625412113683357e-7 3.7083513750295753e-6 2.5620909334719525e-5 0.00017565018952595465 0.0010904544934137558 0.007720429993836053 0.06221086735729497 1.3552677689242876 #pioncorrelator
17 144.95346407579703 1.0448476714632566 0.0796955168425281 0.010458100590985772 0.001266085570590967 0.0001856668165181722 2.429659913171366e-5 3.133443990809816e-6 8.625412113683357e-7 3.7083513750295753e-6 2.5620909334719525e-5 0.00017565018952595465 0.0010904544934137558 0.007720429993836053 0.06221086735729497 1.3552677689242876 #pioncorrelator
18 144.3924476736713 0.8262823136185975 0.08118582425364201 0.012822632545722691 0.0017830450079607501 0.00024958603431488366 3.744966432684518e-5 5.965836107541358e-6 1.5773451128408336e-6 4.429958326098779e-6 2.6682510480363977e-5 0.00020154378992642344 0.0013100889831585323 0.008210515802155682 0.08700515581116347 1.3374993730940388 #pioncorrelator
19 144.3924476736713 0.8262823136185975 0.08118582425364201 0.012822632545722691 0.0017830450079607501 0.00024958603431488366 3.744966432684518e-5 5.965836107541358e-6 1.5773451128408336e-6 4.429958326098779e-6 2.6682510480363977e-5 0.00020154378992642344 0.0013100889831585323 0.008210515802155682 0.08700515581116347 1.3374993730940388 #pioncorrelator
20 144.3924476736713 0.8262823136185975 0.08118582425364201 0.012822632545722691 0.0017830450079607501 0.00024958603431488366 3.744966432684518e-5 5.965836107541358e-6 1.5773451128408336e-6 4.429958326098779e-6 2.6682510480363977e-5 0.00020154378992642344 0.0013100889831585323 0.008210515802155682 0.08700515581116347 1.3374993730940388 #pioncorrelator
