0 148.55085275037197 2.3459958597288706 0.22076340718849014 0.02873477762271622 0.005115036094968655 0.0011685604134777483 0.0003183599443348997 9.764818064541609e-5 3.241797495049832e-5 1.1348359970222367e-5 4.117100894335649e-6 1.5304855126087382e-6 5.789247491670843e-7 2.2226491203547947e-7 8.710323974330492e-8 3.595511963211564e-8 #pioncorrelator
1 147.95053792346647 1.4419931774421852 0.13980035495431123 0.013160536274952936 0.0011565725692621418 0.00014736477913429347 2.1800408153163886e-5 3.9356743699519515e-6 8.49988854365494e-7 1.9517961240056987e-7 4.5743059245869065e-8 9.972522745163603e-9 2.622531465900633e-9 6.240413603956471e-10 1.5016919089878816e-10 3.879076111008438e-11 #pioncorrelator
2 146.99273198781464 1.1629079530470559 0.1210615911940806 0.008468401884791282 0.0008475957885266705 0.0001092438511749826 1.237997399224371e-5 1.7950985408045665e-6 2.7688005341357925e-7 4.577033913112448e-8 9.57193064472682e-9 1.7477634374720666e-9 3.6864488062149213e-10 6.849214534062031e-11 1.3237285741238519e-11 2.8573117435922016e-12 #pioncorrelator
3 147.61345790109405 1.4379427556100324 0.1096725477516398 0.00678934940176248 0.0004416041780548473 4.187275486776354e-5 6.220455387242116e-6 6.472502384107937e-7 1.0327113069703925e-7 1.7618384322506226e-8 2.755606829880574e-9 4.561197734532983e-10 7.591797973273368e-11 1.2625965789322183e-11 2.1778016844234185e-12 3.686387156494905e-13 #pioncorrelator
4 145.27431161610207 0.964075230687946 0.08274782241239524 0.005736428748387976 0.0007418032651687375 6.259263489876288e-5 4.433813439663914e-6 5.32679706768106e-7 6.437396222839961e-8 8.730978935332188e-9 1.4404691704172635e-9 2.0185542197928504e-10 3.1333705892422645e-11 5.1612049433223736e-12 7.51851629706172e-13 1.1883259692929233e-13 #pioncorrelator
5 145.5573991903897 0.5492462115744967 0.0438361944087395 0.006388863280268869 0.00036683842604897694 4.296431776319711e-5 5.6935484573168646e-6 5.803362591175359e-7 7.106745871693561e-8 1.0490468766268348e-8 1.6855029270520348e-9 2.393672186258751e-10 3.307235527915809e-11 5.184850869732346e-12 6.967486687696169e-13 9.770097003395448e-14 #pioncorrelator
6 146.3297108072376 0.9469944557182143 0.04349884550654279 0.003385919228422513 0.0005312266690888102 2.916802208878052e-5 3.056215562516977e-6 3.8539962481486757e-7 4.0804222113083674e-8 5.058482896879073e-9 6.094665366509878e-10 7.091062988949377e-11 1.050396498679723e-11 1.3004697289685614e-12 1.9335596439156815e-13 2.6925369552149678e-14 #pioncorrelator
7 144.7179378278249 0.4477008189379059 0.04082605244058655 0.0047922834715288295 0.00023046220168566122 2.923010908236652e-5 1.8593983085407693e-6 2.422358935818643e-7 3.2610319914469003e-8 3.367868748987035e-9 3.92809553153977e-10 4.447813917104682e-11 5.303865435481493e-12 6.661553706356196e-13 8.92034621698495e-14 1.0146590571438948e-14 #pioncorrelator
8 145.2343465136053 0.6934690779061425 0.045998926861961616 0.006767850975880638 0.0004466629814676633 5.000875694874238e-5 4.2394014046367765e-6 4.43669842636773e-7 4.3908201386913665e-8 3.982535897478929e-9 4.645630509280594e-10 5.971807681116875e-11 6.350334313987236e-12 7.916911775917003e-13 1.0245218687335409e-13 1.3180194635952943e-14 #pioncorrelator
9 144.4413442617519 0.6383208428304586 0.03573285966383827 0.0042490840147469434 0.00035075439189284884 4.109244096517291e-5 4.399212885549324e-6 2.839928867521114e-7 3.2097808763163866e-8 2.9051518722699584e-9 3.9292076506972235e-10 4.53985965443935e-11 6.13366191967691e-12 7.256704211999154e-13 8.149169780658425e-14 1.1510641644446494e-14 #pioncorrelator
10 144.74859294764485 0.8873375622393603 0.06251923435640963 0.0032756899603340935 0.0004272591287698091 2.473815318463819e-5 2.543192260214124e-6 2.3480160101324052e-7 3.432634932572334e-8 3.425606341137721e-9 4.2703817755461404e-10 4.72051890351517e-11 5.877750904295082e-12 7.181168769245543e-13 8.788680382609114e-14 1.1700034061145426e-14 #pioncorrelator
