0 135.86466968757878 1.3817372558363785 0.12824697986984762 0.02613450242415941 0.011432357211925617 0.005916969067798728 0.0025771260022004142 0.0006404626996743741 5.888289958302092e-22 0.0006404626996743741 0.0025771260022004142 0.005916969067798728 0.011432357211925617 0.02613450242415941 0.12824697986984762 1.3817372558363785 #pioncorrelator
1 141.8579161170159 1.4694514145013737 0.30999410043466114 0.09524172481803925 0.03800187206024933 0.01587172394795527 0.00618415030010922 0.0017335962132248076 0.00027660227535225335 0.0011347161872781006 0.004930059847992847 0.013855129474532712 0.03527613501858322 0.08730999402999204 0.28923675307644114 1.892093604426185 #pioncorrelator
2 142.25018476205503 1.3441459432594545 0.2402125907728106 0.04843798315607077 0.013736240825315101 0.004427383282835828 0.0013089540347544927 0.00033873785039827093 8.307011542205396e-5 0.00027977891591787724 0.0011811699674699177 0.0038710544136353795 0.013442024879234064 0.04229587195365828 0.20770577967380977 1.4666026970377466 #pioncorrelator
3 145.17016768218448 1.5524192450469778 0.1914682109735123 0.029667301660159153 0.005701642082557267 0.0014869521262322715 0.00038613507752528075 7.793904183652101e-5 2.4483277974284906e-5 0.000113520862228624 0.00046616417886523884 0.00155041446271941 0.006499993511549592 0.026379866533193273 0.184185875370059 1.6314154473184774 #pioncorrelator
4 141.6493836987394 1.1083138953714964 0.15633279644543532 0.023492296729483345 0.0052651700329373295 0.0010257759413661873 0.00022577739599922582 4.923754001090559e-5 1.5867876262019947e-5 5.578136944928805e-5 0.0002506979425795348 0.001011685881266601 0.004610713355558686 0.01854739194046434 0.12914924554878918 0.9055789248648223 #pioncorrelator
5 142.5566486819223 0.702132813492223 0.09369310701865284 0.017628552305729437 0.0028476118530383855 0.0006467110430785507 0.00015525822904416614 3.6729604286501995e-5 1.1609343069654098e-5 2.7310228561000463e-5 0.00012307899484358193 0.0005796615451013951 0.0027324752088824134 0.017025781840166586 0.16592058960811826 1.1267022208347222 #pioncorrelator
6 143.18660328121604 1.102615780125531 0.09655614715379154 0.012528868360987643 0.002416658324663457 0.0004004706948398047 8.493997906850793e-5 1.8858160982188275e-5 7.245010555790873e-6 2.224988173858827e-5 0.00010336757492312208 0.0004939772847608002 0.0027025554357889663 0.014218899724326935 0.13774402194387467 0.9160234957598686 #pioncorrelator
7 141.25126062326714 0.5863024645755686 0.09727399419186349 0.014960915366371874 0.002229955097285648 0.00041988789522984585 8.325664209542582e-5 1.6487423099987757e-5 5.362392387568562e-6 1.9709296065175892e-5 0.00010347546033674849 0.00048687822197821624 0.002917784553369968 0.01735812618057559 0.10486310478447723 0.6105734960652283 #pioncorrelator
8 143.03223349966206 0.8463863084532809 0.10165303143284898 0.019074973017157958 0.0029573582855273867 0.0005402723508005446 0.00010841106309019876 2.0658614158262035e-5 5.691376393552144e-6 1.4874418671640392e-5 8.727186765050316e-5 0.00046884672672595077 0.002475972101104438 0.01275683770215419 0.0789349724383436 0.7122658143826596 #pioncorrelator
9 141.18103023081247 0.7563106680386626 0.08425999643844478 0.015056549877907954 0.0024583678508013967 0.0005087007871779499 0.00010438950988715343 1.9686210712027566e-5 6.188450708824261e-6 1.72601404094686e-5 8.930824704223279e-5 0.0004951153586504456 0.00275816375195424 0.015016942989363454 0.10455456178051621 0.5595320456221842 #pioncorrelator
10 141.6654409453047 1.0563219370769448 0.1057680594444333 0.013093334253530688 0.002359052617792168 0.00042163531142069144 8.073718163041847e-5 1.4481238524398284e-5 4.46252078087858e-6 1.4885936706228125e-5 8.697709067921773e-5 0.0004898257747082045 0.0025378522038758088 0.01380856963718842 0.11229619516431935 0.8903780618808829 #pioncorrelator
11 142.65418471681775 0.8295434410954983 0.16925540467456715 0.014328159833433156 0.002149449244117515 0.0003112563059996186 6.42320921924385e-5 1.1124774034504183e-5 3.5431867173239408e-6 9.799340780136249e-6 5.425244870775094e-5 0.0002588137786323927 0.0019518442447944942 0.01022877425163012 0.09554347551413073 1.7167707981830898 #pioncorrelator
12 142.65418471681775 0.8295434410954983 0.16925540467456715 0.014328159833433156 0.002149449244117515 0.0003112563059996186 6.42320921924385e-5 1.1124774034504183e-5 3.5431867173239408e-6 9.799340780136249e-6 5.425244870775094e-5 0.0002588137786323927 0.0019518442447944942 0.01022877425163012 0.09554347551413073 1.7167707981830898 #pioncorrelator
13 143.95962976041548 1.1624388496547564 0.11107869017150568 0.015022534141099506 0.0021613466914107396 0.0003620400096801296 5.9775366831663186e-5 1.00410103353097e-5 3.33439875283474e-6 1.2308388105166794e-5 6.591916815966643e-5 0.0003504780103855794 0.0021073035643826665 0.012975409255310466 0.06751118422661848 0.5770107979495185 #pioncorrelator
14 143.74906264690196 0.8362777643713355 0.1509043112614147 0.01297278543038584 0.002508163718572344 0.0003206458693933595 4.6283402615247115e-5 8.166393484557255e-6 3.232542476264243e-6 1.123620187263722e-5 5.899661400650383e-5 0.00034143792640384707 0.0019855144625318573 0.011406117924682616 0.10387365476509172 1.378803391211113 #pioncorrelator
15 144.71248304718196 1.0903798448877096 0.0892978727924568 0.012546028888346737 0.0016638790903433548 0.00025874715300859845 3.739745155602162e-5 5.331191851204404e-6 1.5912886580629469e-6 6.303756705591844e-6 3.922934046017263e-5 0.00024694246617494554 0.0014093980119764657 0.009368917125877525 0.0703990198290945 1.417714603046826 #pioncorrelator
16 144.71248304718196 1.0903798448877096 0.0892978727924568 0.012546028888346737 0.0016638790903433548 0.00025874715300859845 3.739745155602162e-5 5.331191851204404e-6 1.5912886580629469e-6 6.303756705591844e-6 3.922934046017263e-5 0.00024694246617494554 0.0014093980119764657 0.009368917125877525 0.0703990198290945 1.417714603046826 #pioncorrelator
17 144.71248304718196 1.0903798448877096 0.0892978727924568 0.012546028888346737 0.0016638790903433548 0.00025874715300859845 3.739745155602162e-5 5.331191851204404e-6 1.5912886580629469e-6 6.303756705591844e-6 3.922934046017263e-5 0.00024694246617494554 0.0014093980119764657 0.009368917125877525 0.0703990198290945 1.417714603046826 #pioncorrelator
18 144.12671778744325 0.862282845702843 0.09141218637751854 0.015433454604972691 0.002335323714434114 0.000353047246228064 5.753074737202827e-5 1.0046800201222231e-5 2.8796608727707827e-6 7.468777107266629e-6 4.106385305371157e-5 0.00027854624639782707 0.0016871862852054166 0.009996869732784196 0.09741720784179043 1.3929262657034174 #pioncorrelator
19 144.12671778744325 0.862282845702843 0.09141218637751854 0.015433454604972691 0.002335323714434114 0.000353047246228064 5.753074737202827e-5 1.0046800201222231e-5 2.8796608727707827e-6 7.468777107266629e-6 4.106385305371157e-5 0.00027854624639782707 0.0016871862852054166 0.009996869732784196 0.09741720784179043 1.3929262657034174 #pioncorrelator
20 144.12671778744325 0.862282845702843 0.09141218637751854 0.015433454604972691 0.002335323714434114 0.000353047246228064 5.753074737202827e-5 1.0046800201222231e-5 2.8796608727707827e-6 7.468777107266629e-6 4.106385305371157e-5 0.00027854624639782707 0.0016871862852054166 0.009996869732784196 0.09741720784179043 1.3929262657034174 #pioncorrelator
